ROC = 0.55716
PCR = 0.02955