prauc = 0.03124303
auc = 0.5804674