AUC = 0.5916475
PRC = 0.03265475

s = -10.25583 a = 0.004219786