prauc = 0.02829819
auc = 0.5059719