AUC = 0.5888229
PRAUC = 0.03426214
Executin time = 6:30h