
ROC = 0.525227707
PRC = 0.026751981